(kicad_pcb (version 20171130) (host pcbnew 5.1.12-84ad8e8a86~92~ubuntu18.04.1)

  (general
    (thickness 0.8)
    (drawings 47)
    (tracks 278)
    (zones 0)
    (modules 26)
    (nets 45)
  )

  (page A4)
  (title_block
    (title "Expansion Card Template")
    (rev X1)
    (company Framework)
    (comment 1 "This work is licensed under a Creative Commons Attribution 4.0 International License")
    (comment 4 https://frame.work)
  )

  (layers
    (0 F.Cu signal)
    (31 B.Cu signal)
    (32 B.Adhes user)
    (33 F.Adhes user)
    (34 B.Paste user)
    (35 F.Paste user)
    (36 B.SilkS user)
    (37 F.SilkS user)
    (38 B.Mask user)
    (39 F.Mask user)
    (40 Dwgs.User user)
    (41 Cmts.User user)
    (42 Eco1.User user hide)
    (43 Eco2.User user)
    (44 Edge.Cuts user)
    (45 Margin user)
    (46 B.CrtYd user)
    (47 F.CrtYd user)
    (48 B.Fab user)
    (49 F.Fab user)
  )

  (setup
    (last_trace_width 0.16)
    (user_trace_width 0.1524)
    (user_trace_width 0.254)
    (user_trace_width 0.381)
    (user_trace_width 0.508)
    (user_trace_width 0.8128)
    (trace_clearance 0.16)
    (zone_clearance 0.1524)
    (zone_45_only no)
    (trace_min 0.1524)
    (via_size 0.8)
    (via_drill 0.4)
    (via_min_size 0.5)
    (via_min_drill 0.3)
    (user_via 0.5 0.3)
    (uvia_size 0.3)
    (uvia_drill 0.1)
    (uvias_allowed no)
    (uvia_min_size 0.2)
    (uvia_min_drill 0.1)
    (edge_width 0.05)
    (segment_width 0.2)
    (pcb_text_width 0.3)
    (pcb_text_size 1.5 1.5)
    (mod_edge_width 0.1016)
    (mod_text_size 0.5842 0.5842)
    (mod_text_width 0.1016)
    (pad_size 1.5 1.5)
    (pad_drill 0)
    (pad_to_mask_clearance 0)
    (aux_axis_origin 0 0)
    (visible_elements 7FFFFFFF)
    (pcbplotparams
      (layerselection 0x01000_7ffffffe)
      (usegerberextensions false)
      (usegerberattributes true)
      (usegerberadvancedattributes true)
      (creategerberjobfile true)
      (excludeedgelayer true)
      (linewidth 0.100000)
      (plotframeref false)
      (viasonmask false)
      (mode 1)
      (useauxorigin false)
      (hpglpennumber 1)
      (hpglpenspeed 20)
      (hpglpendiameter 15.000000)
      (psnegative false)
      (psa4output false)
      (plotreference true)
      (plotvalue true)
      (plotinvisibletext false)
      (padsonsilk false)
      (subtractmaskfromsilk false)
      (outputformat 3)
      (mirror false)
      (drillshape 0)
      (scaleselection 1)
      (outputdirectory ""))
  )

  (net 0 "")
  (net 1 GND)
  (net 2 +3V3)
  (net 3 VBUS)
  (net 4 "Net-(P1-PadA5)")
  (net 5 /NRST)
  (net 6 "Net-(C6-Pad1)")
  (net 7 /USB_DP)
  (net 8 /USB_DN)
  (net 9 "Net-(P1-PadB5)")
  (net 10 "Net-(Q1-Pad3)")
  (net 11 "Net-(U1-Pad4)")
  (net 12 "Net-(U2-Pad2)")
  (net 13 "Net-(U2-Pad3)")
  (net 14 "Net-(U2-Pad4)")
  (net 15 "Net-(U2-Pad10)")
  (net 16 "Net-(U2-Pad11)")
  (net 17 /HORIZONTAL)
  (net 18 /VERTICAL)
  (net 19 "Net-(U2-Pad14)")
  (net 20 "Net-(U2-Pad15)")
  (net 21 "Net-(U2-Pad16)")
  (net 22 /TRIGGER)
  (net 23 "Net-(U2-Pad18)")
  (net 24 "Net-(U2-Pad19)")
  (net 25 "Net-(U2-Pad21)")
  (net 26 "Net-(U2-Pad25)")
  (net 27 "Net-(U2-Pad26)")
  (net 28 "Net-(U2-Pad27)")
  (net 29 "Net-(U2-Pad28)")
  (net 30 "Net-(U2-Pad29)")
  (net 31 "Net-(U2-Pad31)")
  (net 32 "Net-(U2-Pad34)")
  (net 33 "Net-(U2-Pad37)")
  (net 34 "Net-(U2-Pad38)")
  (net 35 "Net-(U2-Pad39)")
  (net 36 "Net-(U2-Pad40)")
  (net 37 "Net-(U2-Pad41)")
  (net 38 "Net-(U2-Pad42)")
  (net 39 "Net-(U2-Pad43)")
  (net 40 "Net-(U2-Pad45)")
  (net 41 "Net-(U2-Pad46)")
  (net 42 /XTAL_P)
  (net 43 /XTAL_N)
  (net 44 "Net-(D1-Pad2)")

  (net_class Default "This is the default net class."
    (clearance 0.16)
    (trace_width 0.16)
    (via_dia 0.8)
    (via_drill 0.4)
    (uvia_dia 0.3)
    (uvia_drill 0.1)
    (diff_pair_width 0.16)
    (diff_pair_gap 0.16)
    (add_net +3V3)
    (add_net /HORIZONTAL)
    (add_net /NRST)
    (add_net /TRIGGER)
    (add_net /USB_DN)
    (add_net /USB_DP)
    (add_net /VERTICAL)
    (add_net /XTAL_N)
    (add_net /XTAL_P)
    (add_net GND)
    (add_net "Net-(C6-Pad1)")
    (add_net "Net-(D1-Pad2)")
    (add_net "Net-(P1-PadA5)")
    (add_net "Net-(P1-PadB5)")
    (add_net "Net-(Q1-Pad3)")
    (add_net "Net-(U1-Pad4)")
    (add_net "Net-(U2-Pad10)")
    (add_net "Net-(U2-Pad11)")
    (add_net "Net-(U2-Pad14)")
    (add_net "Net-(U2-Pad15)")
    (add_net "Net-(U2-Pad16)")
    (add_net "Net-(U2-Pad18)")
    (add_net "Net-(U2-Pad19)")
    (add_net "Net-(U2-Pad2)")
    (add_net "Net-(U2-Pad21)")
    (add_net "Net-(U2-Pad25)")
    (add_net "Net-(U2-Pad26)")
    (add_net "Net-(U2-Pad27)")
    (add_net "Net-(U2-Pad28)")
    (add_net "Net-(U2-Pad29)")
    (add_net "Net-(U2-Pad3)")
    (add_net "Net-(U2-Pad31)")
    (add_net "Net-(U2-Pad34)")
    (add_net "Net-(U2-Pad37)")
    (add_net "Net-(U2-Pad38)")
    (add_net "Net-(U2-Pad39)")
    (add_net "Net-(U2-Pad4)")
    (add_net "Net-(U2-Pad40)")
    (add_net "Net-(U2-Pad41)")
    (add_net "Net-(U2-Pad42)")
    (add_net "Net-(U2-Pad43)")
    (add_net "Net-(U2-Pad45)")
    (add_net "Net-(U2-Pad46)")
    (add_net VBUS)
  )

  (module TestPoint:TestPoint_Pad_1.5x1.5mm (layer B.Cu) (tedit 5A0F774F) (tstamp 60B1BD5C)
    (at 145.55 128.3 180)
    (descr "SMD rectangular pad as test Point, square 1.5mm side length")
    (tags "test point SMD pad rectangle square")
    (path /606A8E98)
    (attr virtual)
    (fp_text reference TP4 (at 0 1.648) (layer B.SilkS) hide
      (effects (font (size 1 1) (thickness 0.15)) (justify mirror))
    )
    (fp_text value TestPoint (at 0 -1.75) (layer B.Fab)
      (effects (font (size 1 1) (thickness 0.15)) (justify mirror))
    )
    (fp_line (start 1.25 -1.25) (end -1.25 -1.25) (layer B.CrtYd) (width 0.05))
    (fp_line (start 1.25 -1.25) (end 1.25 1.25) (layer B.CrtYd) (width 0.05))
    (fp_line (start -1.25 1.25) (end -1.25 -1.25) (layer B.CrtYd) (width 0.05))
    (fp_line (start -1.25 1.25) (end 1.25 1.25) (layer B.CrtYd) (width 0.05))
    (fp_line (start -0.95 -0.95) (end -0.95 0.95) (layer B.SilkS) (width 0.12))
    (fp_line (start 0.95 -0.95) (end -0.95 -0.95) (layer B.SilkS) (width 0.12))
    (fp_line (start 0.95 0.95) (end 0.95 -0.95) (layer B.SilkS) (width 0.12))
    (fp_line (start -0.95 0.95) (end 0.95 0.95) (layer B.SilkS) (width 0.12))
    (fp_text user %R (at 0 1.65) (layer B.Fab)
      (effects (font (size 1 1) (thickness 0.15)) (justify mirror))
    )
    (pad 1 smd rect (at 0 0 180) (size 1.5 1.5) (layers B.Cu B.Mask)
      (net 1 GND))
  )

  (module TestPoint:TestPoint_Pad_1.5x1.5mm (layer F.Cu) (tedit 5A0F774F) (tstamp 60B1BD4E)
    (at 145.55 128.3)
    (descr "SMD rectangular pad as test Point, square 1.5mm side length")
    (tags "test point SMD pad rectangle square")
    (path /606A8C9B)
    (attr virtual)
    (fp_text reference TP3 (at 0 -1.648) (layer F.SilkS) hide
      (effects (font (size 1 1) (thickness 0.15)))
    )
    (fp_text value TestPoint (at 0 1.75) (layer F.Fab)
      (effects (font (size 1 1) (thickness 0.15)))
    )
    (fp_line (start 1.25 1.25) (end -1.25 1.25) (layer F.CrtYd) (width 0.05))
    (fp_line (start 1.25 1.25) (end 1.25 -1.25) (layer F.CrtYd) (width 0.05))
    (fp_line (start -1.25 -1.25) (end -1.25 1.25) (layer F.CrtYd) (width 0.05))
    (fp_line (start -1.25 -1.25) (end 1.25 -1.25) (layer F.CrtYd) (width 0.05))
    (fp_line (start -0.95 0.95) (end -0.95 -0.95) (layer F.SilkS) (width 0.12))
    (fp_line (start 0.95 0.95) (end -0.95 0.95) (layer F.SilkS) (width 0.12))
    (fp_line (start 0.95 -0.95) (end 0.95 0.95) (layer F.SilkS) (width 0.12))
    (fp_line (start -0.95 -0.95) (end 0.95 -0.95) (layer F.SilkS) (width 0.12))
    (fp_text user %R (at 0 -1.65) (layer F.Fab)
      (effects (font (size 1 1) (thickness 0.15)))
    )
    (pad 1 smd rect (at 0 0) (size 1.5 1.5) (layers F.Cu F.Mask)
      (net 1 GND))
  )

  (module TestPoint:TestPoint_Pad_1.5x1.5mm (layer B.Cu) (tedit 5A0F774F) (tstamp 60B1BD40)
    (at 134.45 128.3 180)
    (descr "SMD rectangular pad as test Point, square 1.5mm side length")
    (tags "test point SMD pad rectangle square")
    (path /606A78C1)
    (attr virtual)
    (fp_text reference TP2 (at 0 1.648) (layer B.SilkS) hide
      (effects (font (size 1 1) (thickness 0.15)) (justify mirror))
    )
    (fp_text value TestPoint (at 0 -1.75) (layer B.Fab)
      (effects (font (size 1 1) (thickness 0.15)) (justify mirror))
    )
    (fp_line (start 1.25 -1.25) (end -1.25 -1.25) (layer B.CrtYd) (width 0.05))
    (fp_line (start 1.25 -1.25) (end 1.25 1.25) (layer B.CrtYd) (width 0.05))
    (fp_line (start -1.25 1.25) (end -1.25 -1.25) (layer B.CrtYd) (width 0.05))
    (fp_line (start -1.25 1.25) (end 1.25 1.25) (layer B.CrtYd) (width 0.05))
    (fp_line (start -0.95 -0.95) (end -0.95 0.95) (layer B.SilkS) (width 0.12))
    (fp_line (start 0.95 -0.95) (end -0.95 -0.95) (layer B.SilkS) (width 0.12))
    (fp_line (start 0.95 0.95) (end 0.95 -0.95) (layer B.SilkS) (width 0.12))
    (fp_line (start -0.95 0.95) (end 0.95 0.95) (layer B.SilkS) (width 0.12))
    (fp_text user %R (at 0 1.65) (layer B.Fab)
      (effects (font (size 1 1) (thickness 0.15)) (justify mirror))
    )
    (pad 1 smd rect (at 0 0 180) (size 1.5 1.5) (layers B.Cu B.Mask)
      (net 1 GND))
  )

  (module TestPoint:TestPoint_Pad_1.5x1.5mm (layer F.Cu) (tedit 5A0F774F) (tstamp 60B1BDE8)
    (at 134.45 128.3)
    (descr "SMD rectangular pad as test Point, square 1.5mm side length")
    (tags "test point SMD pad rectangle square")
    (path /606A89A3)
    (attr virtual)
    (fp_text reference TP1 (at 0 -1.648) (layer F.SilkS) hide
      (effects (font (size 1 1) (thickness 0.15)))
    )
    (fp_text value TestPoint (at 0 1.75) (layer F.Fab)
      (effects (font (size 1 1) (thickness 0.15)))
    )
    (fp_line (start 1.25 1.25) (end -1.25 1.25) (layer F.CrtYd) (width 0.05))
    (fp_line (start 1.25 1.25) (end 1.25 -1.25) (layer F.CrtYd) (width 0.05))
    (fp_line (start -1.25 -1.25) (end -1.25 1.25) (layer F.CrtYd) (width 0.05))
    (fp_line (start -1.25 -1.25) (end 1.25 -1.25) (layer F.CrtYd) (width 0.05))
    (fp_line (start -0.95 0.95) (end -0.95 -0.95) (layer F.SilkS) (width 0.12))
    (fp_line (start 0.95 0.95) (end -0.95 0.95) (layer F.SilkS) (width 0.12))
    (fp_line (start 0.95 -0.95) (end 0.95 0.95) (layer F.SilkS) (width 0.12))
    (fp_line (start -0.95 -0.95) (end 0.95 -0.95) (layer F.SilkS) (width 0.12))
    (fp_text user %R (at 0 -1.65) (layer F.Fab)
      (effects (font (size 1 1) (thickness 0.15)))
    )
    (pad 1 smd rect (at 0 0) (size 1.5 1.5) (layers F.Cu F.Mask)
      (net 1 GND))
  )

  (module Expansion_Card:USB_C_Plug_Molex_105444 (layer F.Cu) (tedit 5FD6C164) (tstamp 5FD711FA)
    (at 140 129)
    (descr "Universal Serial Bus (USB) Shielded I/O Plug, Type C, Right Angle, Surface Mount, http://www.molex.com/pdm_docs/sd/1054440001_sd.pdf")
    (tags "USB Type-C Plug Edge Mount")
    (path /5FD76BC6)
    (attr smd)
    (fp_text reference P1 (at 0 2.04) (layer F.SilkS)
      (effects (font (size 0.5842 0.5842) (thickness 0.1016)))
    )
    (fp_text value USB_C_Plug_USB2.0 (at 0 -1.96) (layer F.Fab)
      (effects (font (size 1 1) (thickness 0.15)))
    )
    (fp_line (start -4.3 1.96) (end -4.3 -1.46) (layer F.CrtYd) (width 0.05))
    (fp_line (start 3.35 0) (end 4.3 0) (layer Eco1.User) (width 0.1))
    (fp_line (start 3.05 -0.66) (end 3.05 -0.3) (layer Eco1.User) (width 0.1))
    (fp_line (start -2.75 -0.96) (end 2.75 -0.96) (layer Eco1.User) (width 0.1))
    (fp_line (start -3.05 -0.66) (end -3.05 -0.3) (layer Eco1.User) (width 0.1))
    (fp_line (start -3.35 0) (end -4.3 0) (layer Eco1.User) (width 0.1))
    (fp_line (start 3.35 0) (end 4.3 0) (layer Edge.Cuts) (width 0.05))
    (fp_line (start 3.05 -0.66) (end 3.05 -0.3) (layer Edge.Cuts) (width 0.05))
    (fp_line (start -2.75 -0.96) (end 2.75 -0.96) (layer Edge.Cuts) (width 0.05))
    (fp_line (start -3.05 -0.66) (end -3.05 -0.3) (layer Edge.Cuts) (width 0.05))
    (fp_line (start -3.35 0) (end -4.3 0) (layer Edge.Cuts) (width 0.05))
    (fp_line (start 4.3 1.96) (end 4.3 -1.46) (layer F.CrtYd) (width 0.05))
    (fp_line (start 4.3 -1.46) (end -4.3 -1.46) (layer F.CrtYd) (width 0.05))
    (fp_line (start 4.3 1.96) (end -4.3 1.96) (layer F.CrtYd) (width 0.05))
    (fp_text user %R (at 0 2.04) (layer F.Fab)
      (effects (font (size 1 1) (thickness 0.15)))
    )
    (fp_text user "PCB Edge" (at 0 -0.96) (layer Dwgs.User)
      (effects (font (size 0.5 0.5) (thickness 0.08)))
    )
    (fp_arc (start 2.75 -0.66) (end 2.75 -0.96) (angle 90) (layer Edge.Cuts) (width 0.05))
    (fp_arc (start -2.75 -0.66) (end -3.05 -0.66) (angle 90) (layer Edge.Cuts) (width 0.05))
    (fp_arc (start 3.35 -0.3) (end 3.35 0) (angle 90) (layer Edge.Cuts) (width 0.05))
    (fp_arc (start -3.35 -0.3) (end -3.05 -0.3) (angle 90) (layer Edge.Cuts) (width 0.05))
    (fp_arc (start 2.75 -0.66) (end 2.75 -0.96) (angle 90) (layer Eco1.User) (width 0.1))
    (fp_arc (start -2.75 -0.66) (end -3.05 -0.66) (angle 90) (layer Eco1.User) (width 0.1))
    (fp_arc (start 3.35 -0.3) (end 3.35 0) (angle 90) (layer Eco1.User) (width 0.1))
    (fp_arc (start -3.35 -0.3) (end -3.05 -0.3) (angle 90) (layer Eco1.User) (width 0.1))
    (pad A1 smd rect (at -2.75 0.04) (size 0.38 1) (layers F.Cu F.Paste F.Mask)
      (net 1 GND))
    (pad A2 smd rect (at -2.25 0.04) (size 0.38 1) (layers F.Cu F.Paste F.Mask))
    (pad A3 smd rect (at -1.75 0.04) (size 0.38 1) (layers F.Cu F.Paste F.Mask))
    (pad A4 smd rect (at -1.25 0.04) (size 0.38 1) (layers F.Cu F.Paste F.Mask)
      (net 3 VBUS))
    (pad A5 smd rect (at -0.75 0.04) (size 0.38 1) (layers F.Cu F.Paste F.Mask)
      (net 4 "Net-(P1-PadA5)"))
    (pad A6 smd rect (at -0.25 0.04) (size 0.38 1) (layers F.Cu F.Paste F.Mask)
      (net 7 /USB_DP))
    (pad A7 smd rect (at 0.25 0.04) (size 0.38 1) (layers F.Cu F.Paste F.Mask)
      (net 8 /USB_DN))
    (pad A8 smd rect (at 0.75 0.04) (size 0.38 1) (layers F.Cu F.Paste F.Mask))
    (pad A9 smd rect (at 1.25 0.04) (size 0.38 1) (layers F.Cu F.Paste F.Mask)
      (net 3 VBUS))
    (pad A10 smd rect (at 1.75 0.04) (size 0.38 1) (layers F.Cu F.Paste F.Mask))
    (pad A11 smd rect (at 2.25 0.04) (size 0.38 1) (layers F.Cu F.Paste F.Mask))
    (pad A12 smd rect (at 2.75 0.04) (size 0.38 1) (layers F.Cu F.Paste F.Mask)
      (net 1 GND))
    (pad S1 smd rect (at -3.42 0.88) (size 0.7 1.15) (layers F.Cu F.Paste F.Mask)
      (net 1 GND))
    (pad S1 smd rect (at 3.42 0.88) (size 0.7 1.15) (layers B.Cu B.Paste B.Mask)
      (net 1 GND))
    (pad B1 smd rect (at 2.75 0.04) (size 0.38 1) (layers B.Cu B.Paste B.Mask)
      (net 1 GND))
    (pad B2 smd rect (at 2.25 0.04) (size 0.38 1) (layers B.Cu B.Paste B.Mask))
    (pad B3 smd rect (at 1.75 0.04) (size 0.38 1) (layers B.Cu B.Paste B.Mask))
    (pad B4 smd rect (at 1.25 0.04) (size 0.38 1) (layers B.Cu B.Paste B.Mask)
      (net 3 VBUS))
    (pad B5 smd rect (at 0.75 0.04) (size 0.38 1) (layers B.Cu B.Paste B.Mask)
      (net 9 "Net-(P1-PadB5)"))
    (pad B8 smd rect (at -0.75 0.04) (size 0.38 1) (layers B.Cu B.Paste B.Mask))
    (pad B9 smd rect (at -1.25 0.04) (size 0.38 1) (layers B.Cu B.Paste B.Mask)
      (net 3 VBUS))
    (pad B10 smd rect (at -1.75 0.04) (size 0.38 1) (layers B.Cu B.Paste B.Mask))
    (pad B11 smd rect (at -2.25 0.04) (size 0.38 1) (layers B.Cu B.Paste B.Mask))
    (pad B12 smd rect (at -2.75 0.04) (size 0.38 1) (layers B.Cu B.Paste B.Mask)
      (net 1 GND))
    (model ${KISYS3DMOD}/Connector_USB.3dshapes/USB_C_Plug_Molex_105444.wrl
      (at (xyz 0 0 0))
      (scale (xyz 1 1 1))
      (rotate (xyz 0 0 0))
    )
  )

  (module Package_TO_SOT_SMD:SOT-23-5 (layer F.Cu) (tedit 5A02FF57) (tstamp 5FD6CBAE)
    (at 131.2625 136.271 270)
    (descr "5-pin SOT23 package")
    (tags SOT-23-5)
    (path /5FD33096)
    (attr smd)
    (fp_text reference U1 (at 0 2.54 180) (layer F.SilkS)
      (effects (font (size 0.5842 0.5842) (thickness 0.1016)))
    )
    (fp_text value AP2112K-3.3 (at 0 2.9 90) (layer F.Fab)
      (effects (font (size 1 1) (thickness 0.15)))
    )
    (fp_line (start -0.9 1.61) (end 0.9 1.61) (layer F.SilkS) (width 0.12))
    (fp_line (start 0.9 -1.61) (end -1.55 -1.61) (layer F.SilkS) (width 0.12))
    (fp_line (start -1.9 -1.8) (end 1.9 -1.8) (layer F.CrtYd) (width 0.05))
    (fp_line (start 1.9 -1.8) (end 1.9 1.8) (layer F.CrtYd) (width 0.05))
    (fp_line (start 1.9 1.8) (end -1.9 1.8) (layer F.CrtYd) (width 0.05))
    (fp_line (start -1.9 1.8) (end -1.9 -1.8) (layer F.CrtYd) (width 0.05))
    (fp_line (start -0.9 -0.9) (end -0.25 -1.55) (layer F.Fab) (width 0.1))
    (fp_line (start 0.9 -1.55) (end -0.25 -1.55) (layer F.Fab) (width 0.1))
    (fp_line (start -0.9 -0.9) (end -0.9 1.55) (layer F.Fab) (width 0.1))
    (fp_line (start 0.9 1.55) (end -0.9 1.55) (layer F.Fab) (width 0.1))
    (fp_line (start 0.9 -1.55) (end 0.9 1.55) (layer F.Fab) (width 0.1))
    (fp_text user %R (at 0.08 0) (layer F.Fab)
      (effects (font (size 1 1) (thickness 0.15)))
    )
    (pad 5 smd rect (at 1.1 -0.95 270) (size 1.06 0.65) (layers F.Cu F.Paste F.Mask)
      (net 2 +3V3))
    (pad 4 smd rect (at 1.1 0.95 270) (size 1.06 0.65) (layers F.Cu F.Paste F.Mask)
      (net 11 "Net-(U1-Pad4)"))
    (pad 3 smd rect (at -1.1 0.95 270) (size 1.06 0.65) (layers F.Cu F.Paste F.Mask)
      (net 3 VBUS))
    (pad 2 smd rect (at -1.1 0 270) (size 1.06 0.65) (layers F.Cu F.Paste F.Mask)
      (net 1 GND))
    (pad 1 smd rect (at -1.1 -0.95 270) (size 1.06 0.65) (layers F.Cu F.Paste F.Mask)
      (net 3 VBUS))
    (model ${KISYS3DMOD}/Package_TO_SOT_SMD.3dshapes/SOT-23-5.wrl
      (at (xyz 0 0 0))
      (scale (xyz 1 1 1))
      (rotate (xyz 0 0 0))
    )
  )

  (module Resistor_SMD:R_0603_1608Metric (layer F.Cu) (tedit 5F68FEEE) (tstamp 5FD71185)
    (at 134.3025 136.271 270)
    (descr "Resistor SMD 0603 (1608 Metric), square (rectangular) end terminal, IPC_7351 nominal, (Body size source: IPC-SM-782 page 72, https://www.pcb-3d.com/wordpress/wp-content/uploads/ipc-sm-782a_amendment_1_and_2.pdf), generated with kicad-footprint-generator")
    (tags resistor)
    (path /5FD77C84)
    (attr smd)
    (fp_text reference R1 (at 0 -1.43 180) (layer F.SilkS)
      (effects (font (size 0.5842 0.5842) (thickness 0.1016)))
    )
    (fp_text value 5.1k (at 0 1.43 90) (layer F.Fab)
      (effects (font (size 1 1) (thickness 0.15)))
    )
    (fp_line (start -0.8 0.4125) (end -0.8 -0.4125) (layer F.Fab) (width 0.1))
    (fp_line (start -0.8 -0.4125) (end 0.8 -0.4125) (layer F.Fab) (width 0.1))
    (fp_line (start 0.8 -0.4125) (end 0.8 0.4125) (layer F.Fab) (width 0.1))
    (fp_line (start 0.8 0.4125) (end -0.8 0.4125) (layer F.Fab) (width 0.1))
    (fp_line (start -0.237258 -0.5225) (end 0.237258 -0.5225) (layer F.SilkS) (width 0.12))
    (fp_line (start -0.237258 0.5225) (end 0.237258 0.5225) (layer F.SilkS) (width 0.12))
    (fp_line (start -1.48 0.73) (end -1.48 -0.73) (layer F.CrtYd) (width 0.05))
    (fp_line (start -1.48 -0.73) (end 1.48 -0.73) (layer F.CrtYd) (width 0.05))
    (fp_line (start 1.48 -0.73) (end 1.48 0.73) (layer F.CrtYd) (width 0.05))
    (fp_line (start 1.48 0.73) (end -1.48 0.73) (layer F.CrtYd) (width 0.05))
    (fp_text user %R (at 0 0 90) (layer F.Fab)
      (effects (font (size 1 1) (thickness 0.15)))
    )
    (pad 2 smd roundrect (at 0.825 0 270) (size 0.8 0.95) (layers F.Cu F.Paste F.Mask) (roundrect_rratio 0.25)
      (net 1 GND))
    (pad 1 smd roundrect (at -0.825 0 270) (size 0.8 0.95) (layers F.Cu F.Paste F.Mask) (roundrect_rratio 0.25)
      (net 4 "Net-(P1-PadA5)"))
    (model ${KISYS3DMOD}/Resistor_SMD.3dshapes/R_0603_1608Metric.wrl
      (at (xyz 0 0 0))
      (scale (xyz 1 1 1))
      (rotate (xyz 0 0 0))
    )
  )

  (module Capacitor_SMD:C_0805_2012Metric (layer F.Cu) (tedit 5F68FEEE) (tstamp 5FD741E0)
    (at 131.2625 139.573 180)
    (descr "Capacitor SMD 0805 (2012 Metric), square (rectangular) end terminal, IPC_7351 nominal, (Body size source: IPC-SM-782 page 76, https://www.pcb-3d.com/wordpress/wp-content/uploads/ipc-sm-782a_amendment_1_and_2.pdf, https://docs.google.com/spreadsheets/d/1BsfQQcO9C6DZCsRaXUlFlo91Tg2WpOkGARC1WS5S8t0/edit?usp=sharing), generated with kicad-footprint-generator")
    (tags capacitor)
    (path /5FD346B0)
    (attr smd)
    (fp_text reference C2 (at 2.54 0) (layer F.SilkS)
      (effects (font (size 0.5842 0.5842) (thickness 0.1016)))
    )
    (fp_text value 10uF (at 0 1.68) (layer F.Fab)
      (effects (font (size 1 1) (thickness 0.15)))
    )
    (fp_line (start -1 0.625) (end -1 -0.625) (layer F.Fab) (width 0.1))
    (fp_line (start -1 -0.625) (end 1 -0.625) (layer F.Fab) (width 0.1))
    (fp_line (start 1 -0.625) (end 1 0.625) (layer F.Fab) (width 0.1))
    (fp_line (start 1 0.625) (end -1 0.625) (layer F.Fab) (width 0.1))
    (fp_line (start -0.261252 -0.735) (end 0.261252 -0.735) (layer F.SilkS) (width 0.12))
    (fp_line (start -0.261252 0.735) (end 0.261252 0.735) (layer F.SilkS) (width 0.12))
    (fp_line (start -1.7 0.98) (end -1.7 -0.98) (layer F.CrtYd) (width 0.05))
    (fp_line (start -1.7 -0.98) (end 1.7 -0.98) (layer F.CrtYd) (width 0.05))
    (fp_line (start 1.7 -0.98) (end 1.7 0.98) (layer F.CrtYd) (width 0.05))
    (fp_line (start 1.7 0.98) (end -1.7 0.98) (layer F.CrtYd) (width 0.05))
    (fp_text user %R (at 0 0) (layer F.Fab)
      (effects (font (size 1 1) (thickness 0.15)))
    )
    (pad 2 smd roundrect (at 0.95 0 180) (size 1 1.45) (layers F.Cu F.Paste F.Mask) (roundrect_rratio 0.25)
      (net 1 GND))
    (pad 1 smd roundrect (at -0.95 0 180) (size 1 1.45) (layers F.Cu F.Paste F.Mask) (roundrect_rratio 0.25)
      (net 2 +3V3))
    (model ${KISYS3DMOD}/Capacitor_SMD.3dshapes/C_0805_2012Metric.wrl
      (at (xyz 0 0 0))
      (scale (xyz 1 1 1))
      (rotate (xyz 0 0 0))
    )
  )

  (module Capacitor_SMD:C_0805_2012Metric (layer F.Cu) (tedit 5F68FEEE) (tstamp 5FD6CD1E)
    (at 131.2625 132.969 180)
    (descr "Capacitor SMD 0805 (2012 Metric), square (rectangular) end terminal, IPC_7351 nominal, (Body size source: IPC-SM-782 page 76, https://www.pcb-3d.com/wordpress/wp-content/uploads/ipc-sm-782a_amendment_1_and_2.pdf, https://docs.google.com/spreadsheets/d/1BsfQQcO9C6DZCsRaXUlFlo91Tg2WpOkGARC1WS5S8t0/edit?usp=sharing), generated with kicad-footprint-generator")
    (tags capacitor)
    (path /5FD33D8E)
    (attr smd)
    (fp_text reference C1 (at 2.548 -0.0635) (layer F.SilkS)
      (effects (font (size 0.5842 0.5842) (thickness 0.1016)))
    )
    (fp_text value 10uF (at 0 1.68) (layer F.Fab)
      (effects (font (size 1 1) (thickness 0.15)))
    )
    (fp_line (start -1 0.625) (end -1 -0.625) (layer F.Fab) (width 0.1))
    (fp_line (start -1 -0.625) (end 1 -0.625) (layer F.Fab) (width 0.1))
    (fp_line (start 1 -0.625) (end 1 0.625) (layer F.Fab) (width 0.1))
    (fp_line (start 1 0.625) (end -1 0.625) (layer F.Fab) (width 0.1))
    (fp_line (start -0.261252 -0.735) (end 0.261252 -0.735) (layer F.SilkS) (width 0.12))
    (fp_line (start -0.261252 0.735) (end 0.261252 0.735) (layer F.SilkS) (width 0.12))
    (fp_line (start -1.7 0.98) (end -1.7 -0.98) (layer F.CrtYd) (width 0.05))
    (fp_line (start -1.7 -0.98) (end 1.7 -0.98) (layer F.CrtYd) (width 0.05))
    (fp_line (start 1.7 -0.98) (end 1.7 0.98) (layer F.CrtYd) (width 0.05))
    (fp_line (start 1.7 0.98) (end -1.7 0.98) (layer F.CrtYd) (width 0.05))
    (fp_text user %R (at 0 0 180) (layer F.Fab)
      (effects (font (size 1 1) (thickness 0.15)))
    )
    (pad 2 smd roundrect (at 0.95 0 180) (size 1 1.45) (layers F.Cu F.Paste F.Mask) (roundrect_rratio 0.25)
      (net 1 GND))
    (pad 1 smd roundrect (at -0.95 0 180) (size 1 1.45) (layers F.Cu F.Paste F.Mask) (roundrect_rratio 0.25)
      (net 3 VBUS))
    (model ${KISYS3DMOD}/Capacitor_SMD.3dshapes/C_0805_2012Metric.wrl
      (at (xyz 0 0 0))
      (scale (xyz 1 1 1))
      (rotate (xyz 0 0 0))
    )
  )

  (module Capacitor_SMD:C_0402_1005Metric (layer F.Cu) (tedit 5F68FEEE) (tstamp 6197ABA9)
    (at 138.656 147.574)
    (descr "Capacitor SMD 0402 (1005 Metric), square (rectangular) end terminal, IPC_7351 nominal, (Body size source: IPC-SM-782 page 76, https://www.pcb-3d.com/wordpress/wp-content/uploads/ipc-sm-782a_amendment_1_and_2.pdf), generated with kicad-footprint-generator")
    (tags capacitor)
    (path /6198B06A)
    (attr smd)
    (fp_text reference C3 (at 0 1.27) (layer F.SilkS)
      (effects (font (size 1 1) (thickness 0.15)))
    )
    (fp_text value C_Small (at 0 1.16) (layer F.Fab)
      (effects (font (size 1 1) (thickness 0.15)))
    )
    (fp_line (start 0.91 0.46) (end -0.91 0.46) (layer F.CrtYd) (width 0.05))
    (fp_line (start 0.91 -0.46) (end 0.91 0.46) (layer F.CrtYd) (width 0.05))
    (fp_line (start -0.91 -0.46) (end 0.91 -0.46) (layer F.CrtYd) (width 0.05))
    (fp_line (start -0.91 0.46) (end -0.91 -0.46) (layer F.CrtYd) (width 0.05))
    (fp_line (start -0.107836 0.36) (end 0.107836 0.36) (layer F.SilkS) (width 0.12))
    (fp_line (start -0.107836 -0.36) (end 0.107836 -0.36) (layer F.SilkS) (width 0.12))
    (fp_line (start 0.5 0.25) (end -0.5 0.25) (layer F.Fab) (width 0.1))
    (fp_line (start 0.5 -0.25) (end 0.5 0.25) (layer F.Fab) (width 0.1))
    (fp_line (start -0.5 -0.25) (end 0.5 -0.25) (layer F.Fab) (width 0.1))
    (fp_line (start -0.5 0.25) (end -0.5 -0.25) (layer F.Fab) (width 0.1))
    (fp_text user %R (at 0 0) (layer F.Fab)
      (effects (font (size 0.25 0.25) (thickness 0.04)))
    )
    (pad 1 smd roundrect (at -0.48 0) (size 0.56 0.62) (layers F.Cu F.Paste F.Mask) (roundrect_rratio 0.25)
      (net 42 /XTAL_P))
    (pad 2 smd roundrect (at 0.48 0) (size 0.56 0.62) (layers F.Cu F.Paste F.Mask) (roundrect_rratio 0.25)
      (net 1 GND))
    (model ${KISYS3DMOD}/Capacitor_SMD.3dshapes/C_0402_1005Metric.wrl
      (at (xyz 0 0 0))
      (scale (xyz 1 1 1))
      (rotate (xyz 0 0 0))
    )
  )

  (module Capacitor_SMD:C_0402_1005Metric (layer F.Cu) (tedit 5F68FEEE) (tstamp 6197ABBA)
    (at 140.843 145.161 270)
    (descr "Capacitor SMD 0402 (1005 Metric), square (rectangular) end terminal, IPC_7351 nominal, (Body size source: IPC-SM-782 page 76, https://www.pcb-3d.com/wordpress/wp-content/uploads/ipc-sm-782a_amendment_1_and_2.pdf), generated with kicad-footprint-generator")
    (tags capacitor)
    (path /6198BAB8)
    (attr smd)
    (fp_text reference C4 (at 0 -1.16 90) (layer F.SilkS)
      (effects (font (size 1 1) (thickness 0.15)))
    )
    (fp_text value C_Small (at 0 1.16 90) (layer F.Fab)
      (effects (font (size 1 1) (thickness 0.15)))
    )
    (fp_line (start -0.5 0.25) (end -0.5 -0.25) (layer F.Fab) (width 0.1))
    (fp_line (start -0.5 -0.25) (end 0.5 -0.25) (layer F.Fab) (width 0.1))
    (fp_line (start 0.5 -0.25) (end 0.5 0.25) (layer F.Fab) (width 0.1))
    (fp_line (start 0.5 0.25) (end -0.5 0.25) (layer F.Fab) (width 0.1))
    (fp_line (start -0.107836 -0.36) (end 0.107836 -0.36) (layer F.SilkS) (width 0.12))
    (fp_line (start -0.107836 0.36) (end 0.107836 0.36) (layer F.SilkS) (width 0.12))
    (fp_line (start -0.91 0.46) (end -0.91 -0.46) (layer F.CrtYd) (width 0.05))
    (fp_line (start -0.91 -0.46) (end 0.91 -0.46) (layer F.CrtYd) (width 0.05))
    (fp_line (start 0.91 -0.46) (end 0.91 0.46) (layer F.CrtYd) (width 0.05))
    (fp_line (start 0.91 0.46) (end -0.91 0.46) (layer F.CrtYd) (width 0.05))
    (fp_text user %R (at 0 0 90) (layer F.Fab)
      (effects (font (size 0.25 0.25) (thickness 0.04)))
    )
    (pad 2 smd roundrect (at 0.48 0 270) (size 0.56 0.62) (layers F.Cu F.Paste F.Mask) (roundrect_rratio 0.25)
      (net 1 GND))
    (pad 1 smd roundrect (at -0.48 0 270) (size 0.56 0.62) (layers F.Cu F.Paste F.Mask) (roundrect_rratio 0.25)
      (net 43 /XTAL_N))
    (model ${KISYS3DMOD}/Capacitor_SMD.3dshapes/C_0402_1005Metric.wrl
      (at (xyz 0 0 0))
      (scale (xyz 1 1 1))
      (rotate (xyz 0 0 0))
    )
  )

  (module Capacitor_SMD:C_0402_1005Metric (layer F.Cu) (tedit 5F68FEEE) (tstamp 6197ABDC)
    (at 146.05 136.87)
    (descr "Capacitor SMD 0402 (1005 Metric), square (rectangular) end terminal, IPC_7351 nominal, (Body size source: IPC-SM-782 page 76, https://www.pcb-3d.com/wordpress/wp-content/uploads/ipc-sm-782a_amendment_1_and_2.pdf), generated with kicad-footprint-generator")
    (tags capacitor)
    (path /61A27EB5)
    (attr smd)
    (fp_text reference C6 (at 0 -1.16) (layer F.SilkS)
      (effects (font (size 1 1) (thickness 0.15)))
    )
    (fp_text value 4.7uF (at 0 1.16) (layer F.Fab)
      (effects (font (size 1 1) (thickness 0.15)))
    )
    (fp_line (start 0.91 0.46) (end -0.91 0.46) (layer F.CrtYd) (width 0.05))
    (fp_line (start 0.91 -0.46) (end 0.91 0.46) (layer F.CrtYd) (width 0.05))
    (fp_line (start -0.91 -0.46) (end 0.91 -0.46) (layer F.CrtYd) (width 0.05))
    (fp_line (start -0.91 0.46) (end -0.91 -0.46) (layer F.CrtYd) (width 0.05))
    (fp_line (start -0.107836 0.36) (end 0.107836 0.36) (layer F.SilkS) (width 0.12))
    (fp_line (start -0.107836 -0.36) (end 0.107836 -0.36) (layer F.SilkS) (width 0.12))
    (fp_line (start 0.5 0.25) (end -0.5 0.25) (layer F.Fab) (width 0.1))
    (fp_line (start 0.5 -0.25) (end 0.5 0.25) (layer F.Fab) (width 0.1))
    (fp_line (start -0.5 -0.25) (end 0.5 -0.25) (layer F.Fab) (width 0.1))
    (fp_line (start -0.5 0.25) (end -0.5 -0.25) (layer F.Fab) (width 0.1))
    (fp_text user %R (at 0 0) (layer F.Fab)
      (effects (font (size 0.25 0.25) (thickness 0.04)))
    )
    (pad 1 smd roundrect (at -0.48 0) (size 0.56 0.62) (layers F.Cu F.Paste F.Mask) (roundrect_rratio 0.25)
      (net 6 "Net-(C6-Pad1)"))
    (pad 2 smd roundrect (at 0.48 0) (size 0.56 0.62) (layers F.Cu F.Paste F.Mask) (roundrect_rratio 0.25)
      (net 1 GND))
    (model ${KISYS3DMOD}/Capacitor_SMD.3dshapes/C_0402_1005Metric.wrl
      (at (xyz 0 0 0))
      (scale (xyz 1 1 1))
      (rotate (xyz 0 0 0))
    )
  )

  (module Capacitor_SMD:C_0402_1005Metric (layer F.Cu) (tedit 5F68FEEE) (tstamp 6197ABED)
    (at 135.89 141.478 180)
    (descr "Capacitor SMD 0402 (1005 Metric), square (rectangular) end terminal, IPC_7351 nominal, (Body size source: IPC-SM-782 page 76, https://www.pcb-3d.com/wordpress/wp-content/uploads/ipc-sm-782a_amendment_1_and_2.pdf), generated with kicad-footprint-generator")
    (tags capacitor)
    (path /61A05ADF)
    (attr smd)
    (fp_text reference C7 (at 0 -1.16) (layer F.SilkS)
      (effects (font (size 1 1) (thickness 0.15)))
    )
    (fp_text value 100nF (at 0 1.16) (layer F.Fab)
      (effects (font (size 1 1) (thickness 0.15)))
    )
    (fp_line (start 0.91 0.46) (end -0.91 0.46) (layer F.CrtYd) (width 0.05))
    (fp_line (start 0.91 -0.46) (end 0.91 0.46) (layer F.CrtYd) (width 0.05))
    (fp_line (start -0.91 -0.46) (end 0.91 -0.46) (layer F.CrtYd) (width 0.05))
    (fp_line (start -0.91 0.46) (end -0.91 -0.46) (layer F.CrtYd) (width 0.05))
    (fp_line (start -0.107836 0.36) (end 0.107836 0.36) (layer F.SilkS) (width 0.12))
    (fp_line (start -0.107836 -0.36) (end 0.107836 -0.36) (layer F.SilkS) (width 0.12))
    (fp_line (start 0.5 0.25) (end -0.5 0.25) (layer F.Fab) (width 0.1))
    (fp_line (start 0.5 -0.25) (end 0.5 0.25) (layer F.Fab) (width 0.1))
    (fp_line (start -0.5 -0.25) (end 0.5 -0.25) (layer F.Fab) (width 0.1))
    (fp_line (start -0.5 0.25) (end -0.5 -0.25) (layer F.Fab) (width 0.1))
    (fp_text user %R (at 0 0) (layer F.Fab)
      (effects (font (size 0.25 0.25) (thickness 0.04)))
    )
    (pad 1 smd roundrect (at -0.48 0 180) (size 0.56 0.62) (layers F.Cu F.Paste F.Mask) (roundrect_rratio 0.25)
      (net 2 +3V3))
    (pad 2 smd roundrect (at 0.48 0 180) (size 0.56 0.62) (layers F.Cu F.Paste F.Mask) (roundrect_rratio 0.25)
      (net 1 GND))
    (model ${KISYS3DMOD}/Capacitor_SMD.3dshapes/C_0402_1005Metric.wrl
      (at (xyz 0 0 0))
      (scale (xyz 1 1 1))
      (rotate (xyz 0 0 0))
    )
  )

  (module Capacitor_SMD:C_0402_1005Metric (layer F.Cu) (tedit 5F68FEEE) (tstamp 6197ABFE)
    (at 137.75 143.13 180)
    (descr "Capacitor SMD 0402 (1005 Metric), square (rectangular) end terminal, IPC_7351 nominal, (Body size source: IPC-SM-782 page 76, https://www.pcb-3d.com/wordpress/wp-content/uploads/ipc-sm-782a_amendment_1_and_2.pdf), generated with kicad-footprint-generator")
    (tags capacitor)
    (path /61A068A9)
    (attr smd)
    (fp_text reference C8 (at 0 -1.16) (layer F.SilkS)
      (effects (font (size 1 1) (thickness 0.15)))
    )
    (fp_text value 100nF (at 0 1.16) (layer F.Fab)
      (effects (font (size 1 1) (thickness 0.15)))
    )
    (fp_line (start -0.5 0.25) (end -0.5 -0.25) (layer F.Fab) (width 0.1))
    (fp_line (start -0.5 -0.25) (end 0.5 -0.25) (layer F.Fab) (width 0.1))
    (fp_line (start 0.5 -0.25) (end 0.5 0.25) (layer F.Fab) (width 0.1))
    (fp_line (start 0.5 0.25) (end -0.5 0.25) (layer F.Fab) (width 0.1))
    (fp_line (start -0.107836 -0.36) (end 0.107836 -0.36) (layer F.SilkS) (width 0.12))
    (fp_line (start -0.107836 0.36) (end 0.107836 0.36) (layer F.SilkS) (width 0.12))
    (fp_line (start -0.91 0.46) (end -0.91 -0.46) (layer F.CrtYd) (width 0.05))
    (fp_line (start -0.91 -0.46) (end 0.91 -0.46) (layer F.CrtYd) (width 0.05))
    (fp_line (start 0.91 -0.46) (end 0.91 0.46) (layer F.CrtYd) (width 0.05))
    (fp_line (start 0.91 0.46) (end -0.91 0.46) (layer F.CrtYd) (width 0.05))
    (fp_text user %R (at 0 0) (layer F.Fab)
      (effects (font (size 0.25 0.25) (thickness 0.04)))
    )
    (pad 2 smd roundrect (at 0.48 0 180) (size 0.56 0.62) (layers F.Cu F.Paste F.Mask) (roundrect_rratio 0.25)
      (net 1 GND))
    (pad 1 smd roundrect (at -0.48 0 180) (size 0.56 0.62) (layers F.Cu F.Paste F.Mask) (roundrect_rratio 0.25)
      (net 2 +3V3))
    (model ${KISYS3DMOD}/Capacitor_SMD.3dshapes/C_0402_1005Metric.wrl
      (at (xyz 0 0 0))
      (scale (xyz 1 1 1))
      (rotate (xyz 0 0 0))
    )
  )

  (module Capacitor_SMD:C_0402_1005Metric (layer F.Cu) (tedit 5F68FEEE) (tstamp 61983154)
    (at 135.862 139.192 180)
    (descr "Capacitor SMD 0402 (1005 Metric), square (rectangular) end terminal, IPC_7351 nominal, (Body size source: IPC-SM-782 page 76, https://www.pcb-3d.com/wordpress/wp-content/uploads/ipc-sm-782a_amendment_1_and_2.pdf), generated with kicad-footprint-generator")
    (tags capacitor)
    (path /61A069F7)
    (attr smd)
    (fp_text reference C9 (at 0 -1.16) (layer F.SilkS)
      (effects (font (size 1 1) (thickness 0.15)))
    )
    (fp_text value 100nF (at 0 1.16) (layer F.Fab)
      (effects (font (size 1 1) (thickness 0.15)))
    )
    (fp_line (start 0.91 0.46) (end -0.91 0.46) (layer F.CrtYd) (width 0.05))
    (fp_line (start 0.91 -0.46) (end 0.91 0.46) (layer F.CrtYd) (width 0.05))
    (fp_line (start -0.91 -0.46) (end 0.91 -0.46) (layer F.CrtYd) (width 0.05))
    (fp_line (start -0.91 0.46) (end -0.91 -0.46) (layer F.CrtYd) (width 0.05))
    (fp_line (start -0.107836 0.36) (end 0.107836 0.36) (layer F.SilkS) (width 0.12))
    (fp_line (start -0.107836 -0.36) (end 0.107836 -0.36) (layer F.SilkS) (width 0.12))
    (fp_line (start 0.5 0.25) (end -0.5 0.25) (layer F.Fab) (width 0.1))
    (fp_line (start 0.5 -0.25) (end 0.5 0.25) (layer F.Fab) (width 0.1))
    (fp_line (start -0.5 -0.25) (end 0.5 -0.25) (layer F.Fab) (width 0.1))
    (fp_line (start -0.5 0.25) (end -0.5 -0.25) (layer F.Fab) (width 0.1))
    (fp_text user %R (at 0 0) (layer F.Fab)
      (effects (font (size 0.25 0.25) (thickness 0.04)))
    )
    (pad 1 smd roundrect (at -0.48 0 180) (size 0.56 0.62) (layers F.Cu F.Paste F.Mask) (roundrect_rratio 0.25)
      (net 2 +3V3))
    (pad 2 smd roundrect (at 0.48 0 180) (size 0.56 0.62) (layers F.Cu F.Paste F.Mask) (roundrect_rratio 0.25)
      (net 1 GND))
    (model ${KISYS3DMOD}/Capacitor_SMD.3dshapes/C_0402_1005Metric.wrl
      (at (xyz 0 0 0))
      (scale (xyz 1 1 1))
      (rotate (xyz 0 0 0))
    )
  )

  (module Capacitor_SMD:C_0402_1005Metric (layer F.Cu) (tedit 5F68FEEE) (tstamp 6197AC20)
    (at 138.09 133.8)
    (descr "Capacitor SMD 0402 (1005 Metric), square (rectangular) end terminal, IPC_7351 nominal, (Body size source: IPC-SM-782 page 76, https://www.pcb-3d.com/wordpress/wp-content/uploads/ipc-sm-782a_amendment_1_and_2.pdf), generated with kicad-footprint-generator")
    (tags capacitor)
    (path /61A06B53)
    (attr smd)
    (fp_text reference C10 (at 0 -1.16) (layer F.SilkS)
      (effects (font (size 1 1) (thickness 0.15)))
    )
    (fp_text value 100nF (at 0 1.16) (layer F.Fab)
      (effects (font (size 1 1) (thickness 0.15)))
    )
    (fp_line (start -0.5 0.25) (end -0.5 -0.25) (layer F.Fab) (width 0.1))
    (fp_line (start -0.5 -0.25) (end 0.5 -0.25) (layer F.Fab) (width 0.1))
    (fp_line (start 0.5 -0.25) (end 0.5 0.25) (layer F.Fab) (width 0.1))
    (fp_line (start 0.5 0.25) (end -0.5 0.25) (layer F.Fab) (width 0.1))
    (fp_line (start -0.107836 -0.36) (end 0.107836 -0.36) (layer F.SilkS) (width 0.12))
    (fp_line (start -0.107836 0.36) (end 0.107836 0.36) (layer F.SilkS) (width 0.12))
    (fp_line (start -0.91 0.46) (end -0.91 -0.46) (layer F.CrtYd) (width 0.05))
    (fp_line (start -0.91 -0.46) (end 0.91 -0.46) (layer F.CrtYd) (width 0.05))
    (fp_line (start 0.91 -0.46) (end 0.91 0.46) (layer F.CrtYd) (width 0.05))
    (fp_line (start 0.91 0.46) (end -0.91 0.46) (layer F.CrtYd) (width 0.05))
    (fp_text user %R (at 0 0) (layer F.Fab)
      (effects (font (size 0.25 0.25) (thickness 0.04)))
    )
    (pad 2 smd roundrect (at 0.48 0) (size 0.56 0.62) (layers F.Cu F.Paste F.Mask) (roundrect_rratio 0.25)
      (net 1 GND))
    (pad 1 smd roundrect (at -0.48 0) (size 0.56 0.62) (layers F.Cu F.Paste F.Mask) (roundrect_rratio 0.25)
      (net 2 +3V3))
    (model ${KISYS3DMOD}/Capacitor_SMD.3dshapes/C_0402_1005Metric.wrl
      (at (xyz 0 0 0))
      (scale (xyz 1 1 1))
      (rotate (xyz 0 0 0))
    )
  )

  (module Capacitor_SMD:C_0402_1005Metric (layer F.Cu) (tedit 5F68FEEE) (tstamp 6197AC31)
    (at 146.05 135.89)
    (descr "Capacitor SMD 0402 (1005 Metric), square (rectangular) end terminal, IPC_7351 nominal, (Body size source: IPC-SM-782 page 76, https://www.pcb-3d.com/wordpress/wp-content/uploads/ipc-sm-782a_amendment_1_and_2.pdf), generated with kicad-footprint-generator")
    (tags capacitor)
    (path /61A06E50)
    (attr smd)
    (fp_text reference C11 (at 0 -1.16) (layer F.SilkS)
      (effects (font (size 1 1) (thickness 0.15)))
    )
    (fp_text value 100nF (at 0 1.16) (layer F.Fab)
      (effects (font (size 1 1) (thickness 0.15)))
    )
    (fp_line (start 0.91 0.46) (end -0.91 0.46) (layer F.CrtYd) (width 0.05))
    (fp_line (start 0.91 -0.46) (end 0.91 0.46) (layer F.CrtYd) (width 0.05))
    (fp_line (start -0.91 -0.46) (end 0.91 -0.46) (layer F.CrtYd) (width 0.05))
    (fp_line (start -0.91 0.46) (end -0.91 -0.46) (layer F.CrtYd) (width 0.05))
    (fp_line (start -0.107836 0.36) (end 0.107836 0.36) (layer F.SilkS) (width 0.12))
    (fp_line (start -0.107836 -0.36) (end 0.107836 -0.36) (layer F.SilkS) (width 0.12))
    (fp_line (start 0.5 0.25) (end -0.5 0.25) (layer F.Fab) (width 0.1))
    (fp_line (start 0.5 -0.25) (end 0.5 0.25) (layer F.Fab) (width 0.1))
    (fp_line (start -0.5 -0.25) (end 0.5 -0.25) (layer F.Fab) (width 0.1))
    (fp_line (start -0.5 0.25) (end -0.5 -0.25) (layer F.Fab) (width 0.1))
    (fp_text user %R (at 0 0) (layer F.Fab)
      (effects (font (size 0.25 0.25) (thickness 0.04)))
    )
    (pad 1 smd roundrect (at -0.48 0) (size 0.56 0.62) (layers F.Cu F.Paste F.Mask) (roundrect_rratio 0.25)
      (net 2 +3V3))
    (pad 2 smd roundrect (at 0.48 0) (size 0.56 0.62) (layers F.Cu F.Paste F.Mask) (roundrect_rratio 0.25)
      (net 1 GND))
    (model ${KISYS3DMOD}/Capacitor_SMD.3dshapes/C_0402_1005Metric.wrl
      (at (xyz 0 0 0))
      (scale (xyz 1 1 1))
      (rotate (xyz 0 0 0))
    )
  )

  (module Capacitor_SMD:C_0402_1005Metric (layer F.Cu) (tedit 5F68FEEE) (tstamp 6197AC42)
    (at 131.93 144.61 180)
    (descr "Capacitor SMD 0402 (1005 Metric), square (rectangular) end terminal, IPC_7351 nominal, (Body size source: IPC-SM-782 page 76, https://www.pcb-3d.com/wordpress/wp-content/uploads/ipc-sm-782a_amendment_1_and_2.pdf), generated with kicad-footprint-generator")
    (tags capacitor)
    (path /61A070EB)
